S 20,0,0,0,0,0,0,10,0,10,20,10,20,10,20,20,20,20,0,20,
T 0,0,20,0,10,0,10,20,
A 10,0,0,20,10,0,20,20,8,8,15,8,
R 0,20,0,0,0,0,20,0,20,0,20,10,20,10,0,10,0,10,20,20,
E 20,0,0,0,0,0,0,20,0,20,20,20,0,10,10,10,
N 0,20,0,0,0,0,20,20,20,20,20,0,
D 0,0,15,0,15,0,20,10,20,10,15,20,15,20,0,20,0,20,0,0,
B 0,0,20,0,0,0,0,20,0,20,20,20,5,5,20,5,5,15,20,15,20,0,20,5,20,20,20,15,5,15,5,15,
C 0,0,20,0,0,0,0,20,0,20,20,20,
X 0,0,20,20,20,0,0,20,
I 0,0,20,0,10,0,10,20,0,20,20,20,
Y 0,0,10,10,20,0,10,10,10,10,10,20,
O 0,0,17,0,17,0,17,17,17,17,0,17,0,17,2,0,
U 0,0,0,15,0,15,10,20,10,20,20,15,20,15,20,0,
W 0,0,7,20,7,20,10,10,10,10,14,20,14,20,20,0,
? 0,0,20,0,20,0,10,10,10,10,10,12,8,18,12,18,12,18,12,20,12,20,8,20,8,20,8,18,
! 10,0,10,10,8,18,12,18,12,18,12,20,12,20,8,20,8,20,8,18,
Z 0,0,20,0,20,0,0,20,0,20,20,20,
P 0,20,0,0,0,0,20,0,20,0,20,10,20,10,0,10,
H 0,0,0,20,0,10,20,10,20,0,20,20,
G 20,0,5,0,5,0,0,10,0,10,5,20,5,20,20,20,20,20,20,10,20,10,10,10,
L 0,0,0,20,0,20,20,20,
K 0,0,0,20,20,0,0,10,0,10,20,20,
V 0,0,10,20,10,20,20,0,
. 8,18,12,18,12,18,12,20,12,20,8,20,8,20,8,18,
